193619
107156
4443226
1087001
11792
1144203
1892060
5004662
4399982
2105930
5090391
1279005
1467988
86388
461597
5328069
5288071
1246069
5832
514863
3205784
2647427
495935
31818
6316473
3119050
595362
407054
1618202
1187678
307881
115363
3676450
4671027
8075949
6392939
3566757
1043674
5536005
4725625
7426
1080064
5688488
1950
292230
2608433
6309
2146843
21548
1592247
4075313
807679
4804690
1462575
681679
1750407
1034613
80393
123527
352876
1056133
5310423
76929
1045994
2258393
6207052
5718351
69683
1131435
857728
757383
3299523
2828227
3872894
518387
8356442
6644909
3152168
6532640
6509830
6178021
358830
225757
2159348
32453
5180802
119081
371756
559885
6004489
1742474
6134918
3129778
1149404
3476121
15061
1793374
2061590
8088868
395857
5388039
1093710
37416
5802335
66907
789559
4858506
3287
692283
3387925
1944335
48912
202648
2618558
1060034
151825
5090021
6284825
6640806
2160958
4551301
132950
5810474
3936063
3968921
450989
2432477
2670047
392753
108621
3235127
1705598
6634768
1641535
1683251
237568
1925083
2692215
919665
6559048